{
 "cells": [
  {
   "cell_type": "code",
   "execution_count": 2,
   "metadata": {},
   "outputs": [],
   "source": [
    "import numpy as np\n",
    "import pandas as pd\n",
    "from scipy import stats\n",
    "import matplotlib.pyplot as plt\n",
    "import matplotlib\n",
    "import seaborn as sns \n",
    "import statsmodels.api as sm\n",
    "from sklearn.preprocessing import scale,robust_scale,minmax_scale"
   ]
  },
  {
   "cell_type": "code",
   "execution_count": 3,
   "metadata": {},
   "outputs": [],
   "source": [
    "#다중공정성 패키지\n",
    "from statsmodels.stats.outliers_influence import variance_inflation_factor\n",
    "#sklearn 선형회귀 모형 :변수선택법\n",
    "from sklearn.linear_model import LinearRegression\n",
    "#변수 선택법: 후진제거법\n",
    "from sklearn.feature_selection import RFE\n",
    "# 데이터 스케일\n",
    "from sklearn.preprocessing import scale"
   ]
  },
  {
   "cell_type": "code",
   "execution_count": 4,
   "metadata": {},
   "outputs": [
    {
     "data": {
      "text/html": [
       "<div>\n",
       "<style scoped>\n",
       "    .dataframe tbody tr th:only-of-type {\n",
       "        vertical-align: middle;\n",
       "    }\n",
       "\n",
       "    .dataframe tbody tr th {\n",
       "        vertical-align: top;\n",
       "    }\n",
       "\n",
       "    .dataframe thead th {\n",
       "        text-align: right;\n",
       "    }\n",
       "</style>\n",
       "<table border=\"1\" class=\"dataframe\">\n",
       "  <thead>\n",
       "    <tr style=\"text-align: right;\">\n",
       "      <th></th>\n",
       "      <th>MEDV</th>\n",
       "      <th>CRIM</th>\n",
       "      <th>ZN</th>\n",
       "      <th>INDUS</th>\n",
       "      <th>CHAS</th>\n",
       "      <th>NOX</th>\n",
       "      <th>RM</th>\n",
       "      <th>AGE</th>\n",
       "      <th>DIS</th>\n",
       "      <th>RAD</th>\n",
       "      <th>TAX</th>\n",
       "      <th>PTRATIO</th>\n",
       "      <th>B</th>\n",
       "      <th>LSTAT</th>\n",
       "    </tr>\n",
       "  </thead>\n",
       "  <tbody>\n",
       "    <tr>\n",
       "      <th>0</th>\n",
       "      <td>24.000000</td>\n",
       "      <td>0.00632</td>\n",
       "      <td>18.0</td>\n",
       "      <td>2.31</td>\n",
       "      <td>0</td>\n",
       "      <td>0.538</td>\n",
       "      <td>6.575</td>\n",
       "      <td>65.199997</td>\n",
       "      <td>4.0900</td>\n",
       "      <td>1</td>\n",
       "      <td>296</td>\n",
       "      <td>15.300000</td>\n",
       "      <td>396.899994</td>\n",
       "      <td>4.98</td>\n",
       "    </tr>\n",
       "    <tr>\n",
       "      <th>1</th>\n",
       "      <td>21.600000</td>\n",
       "      <td>0.02731</td>\n",
       "      <td>0.0</td>\n",
       "      <td>7.07</td>\n",
       "      <td>0</td>\n",
       "      <td>0.469</td>\n",
       "      <td>6.421</td>\n",
       "      <td>78.900002</td>\n",
       "      <td>4.9671</td>\n",
       "      <td>2</td>\n",
       "      <td>242</td>\n",
       "      <td>17.799999</td>\n",
       "      <td>396.899994</td>\n",
       "      <td>9.14</td>\n",
       "    </tr>\n",
       "    <tr>\n",
       "      <th>2</th>\n",
       "      <td>34.700001</td>\n",
       "      <td>0.02729</td>\n",
       "      <td>0.0</td>\n",
       "      <td>7.07</td>\n",
       "      <td>0</td>\n",
       "      <td>0.469</td>\n",
       "      <td>7.185</td>\n",
       "      <td>61.099998</td>\n",
       "      <td>4.9671</td>\n",
       "      <td>2</td>\n",
       "      <td>242</td>\n",
       "      <td>17.799999</td>\n",
       "      <td>392.829987</td>\n",
       "      <td>4.03</td>\n",
       "    </tr>\n",
       "    <tr>\n",
       "      <th>3</th>\n",
       "      <td>33.400002</td>\n",
       "      <td>0.03237</td>\n",
       "      <td>0.0</td>\n",
       "      <td>2.18</td>\n",
       "      <td>0</td>\n",
       "      <td>0.458</td>\n",
       "      <td>6.998</td>\n",
       "      <td>45.799999</td>\n",
       "      <td>6.0622</td>\n",
       "      <td>3</td>\n",
       "      <td>222</td>\n",
       "      <td>18.700001</td>\n",
       "      <td>394.630005</td>\n",
       "      <td>2.94</td>\n",
       "    </tr>\n",
       "    <tr>\n",
       "      <th>4</th>\n",
       "      <td>36.200001</td>\n",
       "      <td>0.06905</td>\n",
       "      <td>0.0</td>\n",
       "      <td>2.18</td>\n",
       "      <td>0</td>\n",
       "      <td>0.458</td>\n",
       "      <td>7.147</td>\n",
       "      <td>54.200001</td>\n",
       "      <td>6.0622</td>\n",
       "      <td>3</td>\n",
       "      <td>222</td>\n",
       "      <td>18.700001</td>\n",
       "      <td>396.899994</td>\n",
       "      <td>5.33</td>\n",
       "    </tr>\n",
       "  </tbody>\n",
       "</table>\n",
       "</div>"
      ],
      "text/plain": [
       "        MEDV     CRIM    ZN  INDUS  CHAS    NOX     RM        AGE     DIS  \\\n",
       "0  24.000000  0.00632  18.0   2.31     0  0.538  6.575  65.199997  4.0900   \n",
       "1  21.600000  0.02731   0.0   7.07     0  0.469  6.421  78.900002  4.9671   \n",
       "2  34.700001  0.02729   0.0   7.07     0  0.469  7.185  61.099998  4.9671   \n",
       "3  33.400002  0.03237   0.0   2.18     0  0.458  6.998  45.799999  6.0622   \n",
       "4  36.200001  0.06905   0.0   2.18     0  0.458  7.147  54.200001  6.0622   \n",
       "\n",
       "   RAD  TAX    PTRATIO           B  LSTAT  \n",
       "0    1  296  15.300000  396.899994   4.98  \n",
       "1    2  242  17.799999  396.899994   9.14  \n",
       "2    2  242  17.799999  392.829987   4.03  \n",
       "3    3  222  18.700001  394.630005   2.94  \n",
       "4    3  222  18.700001  396.899994   5.33  "
      ]
     },
     "execution_count": 4,
     "metadata": {},
     "output_type": "execute_result"
    }
   ],
   "source": [
    "df_boston = pd.read_csv(\"BOSTON_HOUSING.csv\",engine= 'python')\n",
    "df_boston.head()"
   ]
  },
  {
   "cell_type": "code",
   "execution_count": 5,
   "metadata": {},
   "outputs": [
    {
     "data": {
      "text/plain": [
       "Index(['MEDV', 'CRIM', 'ZN', 'INDUS', 'CHAS', 'NOX', 'RM', 'AGE', 'DIS', 'RAD',\n",
       "       'TAX', 'PTRATIO', 'B', 'LSTAT'],\n",
       "      dtype='object')"
      ]
     },
     "execution_count": 5,
     "metadata": {},
     "output_type": "execute_result"
    }
   ],
   "source": [
    "df_boston.columns"
   ]
  },
  {
   "cell_type": "code",
   "execution_count": 6,
   "metadata": {},
   "outputs": [
    {
     "data": {
      "text/plain": [
       "MEDV       0\n",
       "CRIM       0\n",
       "ZN         0\n",
       "INDUS      0\n",
       "CHAS       0\n",
       "NOX        0\n",
       "RM         0\n",
       "AGE        0\n",
       "DIS        0\n",
       "RAD        0\n",
       "TAX        0\n",
       "PTRATIO    0\n",
       "B          0\n",
       "LSTAT      0\n",
       "dtype: int64"
      ]
     },
     "execution_count": 6,
     "metadata": {},
     "output_type": "execute_result"
    }
   ],
   "source": [
    "# 결측치 확인\n",
    "df_boston.isnull().sum()\n"
   ]
  },
  {
   "cell_type": "code",
   "execution_count": 7,
   "metadata": {},
   "outputs": [
    {
     "name": "stdout",
     "output_type": "stream",
     "text": [
      "목표변수 데이터 크기 : (506,)\n",
      "설명변수 데이터 크기 : (506, 13)\n"
     ]
    }
   ],
   "source": [
    "# 목표변수, 설명변수 역할 지정\n",
    "df_boston_y = df_boston['CRIM'] # 목표변수\n",
    "df_boston_x = df_boston.drop('CRIM', axis = 1, inplace = False)\n",
    "\n",
    "print(\"목표변수 데이터 크기 : {}\".format(df_boston_y.shape))\n",
    "print(\"설명변수 데이터 크기 : {}\".format(df_boston_x.shape))"
   ]
  },
  {
   "cell_type": "code",
   "execution_count": 8,
   "metadata": {},
   "outputs": [
    {
     "data": {
      "text/plain": [
       "Index(['MEDV', 'ZN', 'INDUS', 'CHAS', 'NOX', 'RM', 'AGE', 'DIS', 'RAD', 'TAX',\n",
       "       'PTRATIO', 'B', 'LSTAT'],\n",
       "      dtype='object')"
      ]
     },
     "execution_count": 8,
     "metadata": {},
     "output_type": "execute_result"
    }
   ],
   "source": [
    "df_boston_x.columns\n"
   ]
  },
  {
   "cell_type": "code",
   "execution_count": 9,
   "metadata": {},
   "outputs": [
    {
     "data": {
      "text/html": [
       "<div>\n",
       "<style scoped>\n",
       "    .dataframe tbody tr th:only-of-type {\n",
       "        vertical-align: middle;\n",
       "    }\n",
       "\n",
       "    .dataframe tbody tr th {\n",
       "        vertical-align: top;\n",
       "    }\n",
       "\n",
       "    .dataframe thead th {\n",
       "        text-align: right;\n",
       "    }\n",
       "</style>\n",
       "<table border=\"1\" class=\"dataframe\">\n",
       "  <thead>\n",
       "    <tr style=\"text-align: right;\">\n",
       "      <th></th>\n",
       "      <th>const</th>\n",
       "      <th>MEDV</th>\n",
       "      <th>ZN</th>\n",
       "      <th>INDUS</th>\n",
       "      <th>CHAS</th>\n",
       "      <th>NOX</th>\n",
       "      <th>RM</th>\n",
       "      <th>AGE</th>\n",
       "      <th>DIS</th>\n",
       "      <th>RAD</th>\n",
       "      <th>TAX</th>\n",
       "      <th>PTRATIO</th>\n",
       "      <th>B</th>\n",
       "      <th>LSTAT</th>\n",
       "    </tr>\n",
       "  </thead>\n",
       "  <tbody>\n",
       "    <tr>\n",
       "      <th>0</th>\n",
       "      <td>1.0</td>\n",
       "      <td>24.000000</td>\n",
       "      <td>18.0</td>\n",
       "      <td>2.31</td>\n",
       "      <td>0</td>\n",
       "      <td>0.538</td>\n",
       "      <td>6.575</td>\n",
       "      <td>65.199997</td>\n",
       "      <td>4.0900</td>\n",
       "      <td>1</td>\n",
       "      <td>296</td>\n",
       "      <td>15.300000</td>\n",
       "      <td>396.899994</td>\n",
       "      <td>4.98</td>\n",
       "    </tr>\n",
       "    <tr>\n",
       "      <th>1</th>\n",
       "      <td>1.0</td>\n",
       "      <td>21.600000</td>\n",
       "      <td>0.0</td>\n",
       "      <td>7.07</td>\n",
       "      <td>0</td>\n",
       "      <td>0.469</td>\n",
       "      <td>6.421</td>\n",
       "      <td>78.900002</td>\n",
       "      <td>4.9671</td>\n",
       "      <td>2</td>\n",
       "      <td>242</td>\n",
       "      <td>17.799999</td>\n",
       "      <td>396.899994</td>\n",
       "      <td>9.14</td>\n",
       "    </tr>\n",
       "    <tr>\n",
       "      <th>2</th>\n",
       "      <td>1.0</td>\n",
       "      <td>34.700001</td>\n",
       "      <td>0.0</td>\n",
       "      <td>7.07</td>\n",
       "      <td>0</td>\n",
       "      <td>0.469</td>\n",
       "      <td>7.185</td>\n",
       "      <td>61.099998</td>\n",
       "      <td>4.9671</td>\n",
       "      <td>2</td>\n",
       "      <td>242</td>\n",
       "      <td>17.799999</td>\n",
       "      <td>392.829987</td>\n",
       "      <td>4.03</td>\n",
       "    </tr>\n",
       "    <tr>\n",
       "      <th>3</th>\n",
       "      <td>1.0</td>\n",
       "      <td>33.400002</td>\n",
       "      <td>0.0</td>\n",
       "      <td>2.18</td>\n",
       "      <td>0</td>\n",
       "      <td>0.458</td>\n",
       "      <td>6.998</td>\n",
       "      <td>45.799999</td>\n",
       "      <td>6.0622</td>\n",
       "      <td>3</td>\n",
       "      <td>222</td>\n",
       "      <td>18.700001</td>\n",
       "      <td>394.630005</td>\n",
       "      <td>2.94</td>\n",
       "    </tr>\n",
       "    <tr>\n",
       "      <th>4</th>\n",
       "      <td>1.0</td>\n",
       "      <td>36.200001</td>\n",
       "      <td>0.0</td>\n",
       "      <td>2.18</td>\n",
       "      <td>0</td>\n",
       "      <td>0.458</td>\n",
       "      <td>7.147</td>\n",
       "      <td>54.200001</td>\n",
       "      <td>6.0622</td>\n",
       "      <td>3</td>\n",
       "      <td>222</td>\n",
       "      <td>18.700001</td>\n",
       "      <td>396.899994</td>\n",
       "      <td>5.33</td>\n",
       "    </tr>\n",
       "  </tbody>\n",
       "</table>\n",
       "</div>"
      ],
      "text/plain": [
       "   const       MEDV    ZN  INDUS  CHAS    NOX     RM        AGE     DIS  RAD  \\\n",
       "0    1.0  24.000000  18.0   2.31     0  0.538  6.575  65.199997  4.0900    1   \n",
       "1    1.0  21.600000   0.0   7.07     0  0.469  6.421  78.900002  4.9671    2   \n",
       "2    1.0  34.700001   0.0   7.07     0  0.469  7.185  61.099998  4.9671    2   \n",
       "3    1.0  33.400002   0.0   2.18     0  0.458  6.998  45.799999  6.0622    3   \n",
       "4    1.0  36.200001   0.0   2.18     0  0.458  7.147  54.200001  6.0622    3   \n",
       "\n",
       "   TAX    PTRATIO           B  LSTAT  \n",
       "0  296  15.300000  396.899994   4.98  \n",
       "1  242  17.799999  396.899994   9.14  \n",
       "2  242  17.799999  392.829987   4.03  \n",
       "3  222  18.700001  394.630005   2.94  \n",
       "4  222  18.700001  396.899994   5.33  "
      ]
     },
     "execution_count": 9,
     "metadata": {},
     "output_type": "execute_result"
    }
   ],
   "source": [
    "#절편추가\n",
    "df_boston_x_const = sm.add_constant(df_boston_x)\n",
    "df_boston_x_const.head()"
   ]
  },
  {
   "cell_type": "code",
   "execution_count": 10,
   "metadata": {},
   "outputs": [
    {
     "data": {
      "text/html": [
       "<div>\n",
       "<style scoped>\n",
       "    .dataframe tbody tr th:only-of-type {\n",
       "        vertical-align: middle;\n",
       "    }\n",
       "\n",
       "    .dataframe tbody tr th {\n",
       "        vertical-align: top;\n",
       "    }\n",
       "\n",
       "    .dataframe thead th {\n",
       "        text-align: right;\n",
       "    }\n",
       "</style>\n",
       "<table border=\"1\" class=\"dataframe\">\n",
       "  <thead>\n",
       "    <tr style=\"text-align: right;\">\n",
       "      <th></th>\n",
       "      <th>MEDV</th>\n",
       "      <th>CRIM</th>\n",
       "      <th>ZN</th>\n",
       "      <th>INDUS</th>\n",
       "      <th>CHAS</th>\n",
       "      <th>NOX</th>\n",
       "      <th>RM</th>\n",
       "      <th>AGE</th>\n",
       "      <th>DIS</th>\n",
       "      <th>RAD</th>\n",
       "      <th>TAX</th>\n",
       "      <th>PTRATIO</th>\n",
       "      <th>B</th>\n",
       "      <th>LSTAT</th>\n",
       "    </tr>\n",
       "  </thead>\n",
       "  <tbody>\n",
       "    <tr>\n",
       "      <th>MEDV</th>\n",
       "      <td>1.000</td>\n",
       "      <td>-0.388</td>\n",
       "      <td>0.360</td>\n",
       "      <td>-0.484</td>\n",
       "      <td>0.175</td>\n",
       "      <td>-0.427</td>\n",
       "      <td>0.695</td>\n",
       "      <td>-0.377</td>\n",
       "      <td>0.250</td>\n",
       "      <td>-0.382</td>\n",
       "      <td>-0.469</td>\n",
       "      <td>-0.508</td>\n",
       "      <td>0.333</td>\n",
       "      <td>-0.738</td>\n",
       "    </tr>\n",
       "    <tr>\n",
       "      <th>CRIM</th>\n",
       "      <td>-0.388</td>\n",
       "      <td>1.000</td>\n",
       "      <td>-0.200</td>\n",
       "      <td>0.407</td>\n",
       "      <td>-0.056</td>\n",
       "      <td>0.421</td>\n",
       "      <td>-0.219</td>\n",
       "      <td>0.353</td>\n",
       "      <td>-0.380</td>\n",
       "      <td>0.626</td>\n",
       "      <td>0.583</td>\n",
       "      <td>0.290</td>\n",
       "      <td>-0.385</td>\n",
       "      <td>0.456</td>\n",
       "    </tr>\n",
       "    <tr>\n",
       "      <th>ZN</th>\n",
       "      <td>0.360</td>\n",
       "      <td>-0.200</td>\n",
       "      <td>1.000</td>\n",
       "      <td>-0.534</td>\n",
       "      <td>-0.043</td>\n",
       "      <td>-0.517</td>\n",
       "      <td>0.312</td>\n",
       "      <td>-0.570</td>\n",
       "      <td>0.664</td>\n",
       "      <td>-0.312</td>\n",
       "      <td>-0.315</td>\n",
       "      <td>-0.392</td>\n",
       "      <td>0.176</td>\n",
       "      <td>-0.413</td>\n",
       "    </tr>\n",
       "    <tr>\n",
       "      <th>INDUS</th>\n",
       "      <td>-0.484</td>\n",
       "      <td>0.407</td>\n",
       "      <td>-0.534</td>\n",
       "      <td>1.000</td>\n",
       "      <td>0.063</td>\n",
       "      <td>0.764</td>\n",
       "      <td>-0.392</td>\n",
       "      <td>0.645</td>\n",
       "      <td>-0.708</td>\n",
       "      <td>0.595</td>\n",
       "      <td>0.721</td>\n",
       "      <td>0.383</td>\n",
       "      <td>-0.357</td>\n",
       "      <td>0.604</td>\n",
       "    </tr>\n",
       "    <tr>\n",
       "      <th>CHAS</th>\n",
       "      <td>0.175</td>\n",
       "      <td>-0.056</td>\n",
       "      <td>-0.043</td>\n",
       "      <td>0.063</td>\n",
       "      <td>1.000</td>\n",
       "      <td>0.091</td>\n",
       "      <td>0.091</td>\n",
       "      <td>0.087</td>\n",
       "      <td>-0.099</td>\n",
       "      <td>-0.007</td>\n",
       "      <td>-0.036</td>\n",
       "      <td>-0.122</td>\n",
       "      <td>0.049</td>\n",
       "      <td>-0.054</td>\n",
       "    </tr>\n",
       "    <tr>\n",
       "      <th>NOX</th>\n",
       "      <td>-0.427</td>\n",
       "      <td>0.421</td>\n",
       "      <td>-0.517</td>\n",
       "      <td>0.764</td>\n",
       "      <td>0.091</td>\n",
       "      <td>1.000</td>\n",
       "      <td>-0.302</td>\n",
       "      <td>0.731</td>\n",
       "      <td>-0.769</td>\n",
       "      <td>0.611</td>\n",
       "      <td>0.668</td>\n",
       "      <td>0.189</td>\n",
       "      <td>-0.380</td>\n",
       "      <td>0.591</td>\n",
       "    </tr>\n",
       "    <tr>\n",
       "      <th>RM</th>\n",
       "      <td>0.695</td>\n",
       "      <td>-0.219</td>\n",
       "      <td>0.312</td>\n",
       "      <td>-0.392</td>\n",
       "      <td>0.091</td>\n",
       "      <td>-0.302</td>\n",
       "      <td>1.000</td>\n",
       "      <td>-0.240</td>\n",
       "      <td>0.205</td>\n",
       "      <td>-0.210</td>\n",
       "      <td>-0.292</td>\n",
       "      <td>-0.356</td>\n",
       "      <td>0.128</td>\n",
       "      <td>-0.614</td>\n",
       "    </tr>\n",
       "    <tr>\n",
       "      <th>AGE</th>\n",
       "      <td>-0.377</td>\n",
       "      <td>0.353</td>\n",
       "      <td>-0.570</td>\n",
       "      <td>0.645</td>\n",
       "      <td>0.087</td>\n",
       "      <td>0.731</td>\n",
       "      <td>-0.240</td>\n",
       "      <td>1.000</td>\n",
       "      <td>-0.748</td>\n",
       "      <td>0.456</td>\n",
       "      <td>0.506</td>\n",
       "      <td>0.262</td>\n",
       "      <td>-0.274</td>\n",
       "      <td>0.602</td>\n",
       "    </tr>\n",
       "    <tr>\n",
       "      <th>DIS</th>\n",
       "      <td>0.250</td>\n",
       "      <td>-0.380</td>\n",
       "      <td>0.664</td>\n",
       "      <td>-0.708</td>\n",
       "      <td>-0.099</td>\n",
       "      <td>-0.769</td>\n",
       "      <td>0.205</td>\n",
       "      <td>-0.748</td>\n",
       "      <td>1.000</td>\n",
       "      <td>-0.495</td>\n",
       "      <td>-0.534</td>\n",
       "      <td>-0.232</td>\n",
       "      <td>0.292</td>\n",
       "      <td>-0.497</td>\n",
       "    </tr>\n",
       "    <tr>\n",
       "      <th>RAD</th>\n",
       "      <td>-0.382</td>\n",
       "      <td>0.626</td>\n",
       "      <td>-0.312</td>\n",
       "      <td>0.595</td>\n",
       "      <td>-0.007</td>\n",
       "      <td>0.611</td>\n",
       "      <td>-0.210</td>\n",
       "      <td>0.456</td>\n",
       "      <td>-0.495</td>\n",
       "      <td>1.000</td>\n",
       "      <td>0.910</td>\n",
       "      <td>0.465</td>\n",
       "      <td>-0.444</td>\n",
       "      <td>0.489</td>\n",
       "    </tr>\n",
       "    <tr>\n",
       "      <th>TAX</th>\n",
       "      <td>-0.469</td>\n",
       "      <td>0.583</td>\n",
       "      <td>-0.315</td>\n",
       "      <td>0.721</td>\n",
       "      <td>-0.036</td>\n",
       "      <td>0.668</td>\n",
       "      <td>-0.292</td>\n",
       "      <td>0.506</td>\n",
       "      <td>-0.534</td>\n",
       "      <td>0.910</td>\n",
       "      <td>1.000</td>\n",
       "      <td>0.461</td>\n",
       "      <td>-0.442</td>\n",
       "      <td>0.544</td>\n",
       "    </tr>\n",
       "    <tr>\n",
       "      <th>PTRATIO</th>\n",
       "      <td>-0.508</td>\n",
       "      <td>0.290</td>\n",
       "      <td>-0.392</td>\n",
       "      <td>0.383</td>\n",
       "      <td>-0.122</td>\n",
       "      <td>0.189</td>\n",
       "      <td>-0.356</td>\n",
       "      <td>0.262</td>\n",
       "      <td>-0.232</td>\n",
       "      <td>0.465</td>\n",
       "      <td>0.461</td>\n",
       "      <td>1.000</td>\n",
       "      <td>-0.177</td>\n",
       "      <td>0.374</td>\n",
       "    </tr>\n",
       "    <tr>\n",
       "      <th>B</th>\n",
       "      <td>0.333</td>\n",
       "      <td>-0.385</td>\n",
       "      <td>0.176</td>\n",
       "      <td>-0.357</td>\n",
       "      <td>0.049</td>\n",
       "      <td>-0.380</td>\n",
       "      <td>0.128</td>\n",
       "      <td>-0.274</td>\n",
       "      <td>0.292</td>\n",
       "      <td>-0.444</td>\n",
       "      <td>-0.442</td>\n",
       "      <td>-0.177</td>\n",
       "      <td>1.000</td>\n",
       "      <td>-0.366</td>\n",
       "    </tr>\n",
       "    <tr>\n",
       "      <th>LSTAT</th>\n",
       "      <td>-0.738</td>\n",
       "      <td>0.456</td>\n",
       "      <td>-0.413</td>\n",
       "      <td>0.604</td>\n",
       "      <td>-0.054</td>\n",
       "      <td>0.591</td>\n",
       "      <td>-0.614</td>\n",
       "      <td>0.602</td>\n",
       "      <td>-0.497</td>\n",
       "      <td>0.489</td>\n",
       "      <td>0.544</td>\n",
       "      <td>0.374</td>\n",
       "      <td>-0.366</td>\n",
       "      <td>1.000</td>\n",
       "    </tr>\n",
       "  </tbody>\n",
       "</table>\n",
       "</div>"
      ],
      "text/plain": [
       "          MEDV   CRIM     ZN  INDUS   CHAS    NOX     RM    AGE    DIS    RAD  \\\n",
       "MEDV     1.000 -0.388  0.360 -0.484  0.175 -0.427  0.695 -0.377  0.250 -0.382   \n",
       "CRIM    -0.388  1.000 -0.200  0.407 -0.056  0.421 -0.219  0.353 -0.380  0.626   \n",
       "ZN       0.360 -0.200  1.000 -0.534 -0.043 -0.517  0.312 -0.570  0.664 -0.312   \n",
       "INDUS   -0.484  0.407 -0.534  1.000  0.063  0.764 -0.392  0.645 -0.708  0.595   \n",
       "CHAS     0.175 -0.056 -0.043  0.063  1.000  0.091  0.091  0.087 -0.099 -0.007   \n",
       "NOX     -0.427  0.421 -0.517  0.764  0.091  1.000 -0.302  0.731 -0.769  0.611   \n",
       "RM       0.695 -0.219  0.312 -0.392  0.091 -0.302  1.000 -0.240  0.205 -0.210   \n",
       "AGE     -0.377  0.353 -0.570  0.645  0.087  0.731 -0.240  1.000 -0.748  0.456   \n",
       "DIS      0.250 -0.380  0.664 -0.708 -0.099 -0.769  0.205 -0.748  1.000 -0.495   \n",
       "RAD     -0.382  0.626 -0.312  0.595 -0.007  0.611 -0.210  0.456 -0.495  1.000   \n",
       "TAX     -0.469  0.583 -0.315  0.721 -0.036  0.668 -0.292  0.506 -0.534  0.910   \n",
       "PTRATIO -0.508  0.290 -0.392  0.383 -0.122  0.189 -0.356  0.262 -0.232  0.465   \n",
       "B        0.333 -0.385  0.176 -0.357  0.049 -0.380  0.128 -0.274  0.292 -0.444   \n",
       "LSTAT   -0.738  0.456 -0.413  0.604 -0.054  0.591 -0.614  0.602 -0.497  0.489   \n",
       "\n",
       "           TAX  PTRATIO      B  LSTAT  \n",
       "MEDV    -0.469   -0.508  0.333 -0.738  \n",
       "CRIM     0.583    0.290 -0.385  0.456  \n",
       "ZN      -0.315   -0.392  0.176 -0.413  \n",
       "INDUS    0.721    0.383 -0.357  0.604  \n",
       "CHAS    -0.036   -0.122  0.049 -0.054  \n",
       "NOX      0.668    0.189 -0.380  0.591  \n",
       "RM      -0.292   -0.356  0.128 -0.614  \n",
       "AGE      0.506    0.262 -0.274  0.602  \n",
       "DIS     -0.534   -0.232  0.292 -0.497  \n",
       "RAD      0.910    0.465 -0.444  0.489  \n",
       "TAX      1.000    0.461 -0.442  0.544  \n",
       "PTRATIO  0.461    1.000 -0.177  0.374  \n",
       "B       -0.442   -0.177  1.000 -0.366  \n",
       "LSTAT    0.544    0.374 -0.366  1.000  "
      ]
     },
     "execution_count": 10,
     "metadata": {},
     "output_type": "execute_result"
    }
   ],
   "source": [
    "# 변수간의 상관관계 분석\n",
    "df_boston.corr().round(3)"
   ]
  },
  {
   "cell_type": "code",
   "execution_count": 11,
   "metadata": {},
   "outputs": [
    {
     "data": {
      "text/plain": [
       "<matplotlib.axes._subplots.AxesSubplot at 0x29d0f969cf8>"
      ]
     },
     "execution_count": 11,
     "metadata": {},
     "output_type": "execute_result"
    },
    {
     "data": {
